green:
  smax: 255
  vmin: 0
  hmin: 69
  hmax: 138
  smin: 90
  vmax: 255
LinearRegression:
  k1: -0.00048266229370656023
  b2: 0.17532044287260315
  k2: -0.0005388671980101526
  b1: 0.3498628285678873
blue:
  vmax: 75
  smax: 42
  vmin: 55
  hmax: 200
  hmin: 190
  smin: 38
red:
  hmax: 21
  hmin: 360
  smax: 255
  smin: 32
  vmin: 0
  vmax: 255
customize:
  smax: 255
  vmax: 255
  hmin: 0
  hmax: 360
  vmin: 0
  smin: 0