LinearRegression:
  b1: 0.3498628285678873
  b2: 0.17532044287260315
  k1: -0.00048266229370656023
  k2: -0.0005388671980101526
blue:
  hmax: 267
  hmin: 168
  smax: 255
  smin: 41
  vmax: 255
  vmin: 0
customize:
  hmax: 360
  hmin: 0
  smax: 255
  smin: 0
  vmax: 255
  vmin: 0
green:
  hmax: 138
  hmin: 69
  smax: 255
  smin: 90
  vmax: 255
  vmin: 0
red:
  hmax: 21
  hmin: 360
  smax: 255
  smin: 32
  vmax: 255
  vmin: 0
